100
98.8929
97.7431
96.4294
95.0659
93.6026
92.0324
90.1774
88.1371
85.846
83.0649
79.4217
75.4295
70.3617
65.016
59.0291
52.1875
44.9896
36.9732
28.4931
19.1182
89.7796
90.9425
92.1055
93.2685
94.4315
95.5945
96.7575
97.9205
99.0835
100
100
100
100
100
100
100
100
100
100
100
96.079
92.0869
88.059
84.022
79.9585
75.8737
71.7391
67.5339
63.2674
64.4304
60.1533
55.8192
51.4608
47.0419
42.581
38.0723
33.5002
28.8669
30.0299
25.3674
20.3878
94.593
89.1148
90.2778
91.4408
85.9626
87.1256
88.2886
89.4516
84.1159
85.2789
86.4419
87.6049
88.7678
89.9308
91.0938
92.2568
93.4198
94.5828
95.7458
96.9088
98.0718
99.2348
100
100
100
100
100
100
100
100
100
100
100
100
100
100
100
100
100
100
100
100
100
100
100
100
100
100
100
100
100
100
100
100
100
100
100
100
100
100
100
100
100
100
100
100
100
100
100
100
100
