50
48.1748
46.2881
44.1661
41.9725
39.6356
37.1452
34.2454
31.0796
27.5536
23.3235
17.8551
11.8853
4.37018
42.0858
33.2506
23.1873
12.6124
12.8616
9.85553
36.2977
21.3807
22.8165
24.2524
25.6883
27.1241
28.56
29.9958
31.4317
32.8676
34.3034
35.7393
37.1751
38.611
40.0469
41.4827
42.9186
44.3544
45.7903
47.2262
48.662
42.7945
36.8247
30.8037
24.7694
18.6973
12.5944
6.41994
43.7242
37.3604
38.7962
32.4171
25.9561
19.4602
12.8774
6.23423
43.2882
36.4854
29.5946
31.0304
24.0976
16.7094
8.70724
41.8955
43.3313
44.7672
36.6626
38.0985
39.5344
40.9702
33.0704
34.5062
35.9421
