0.094362
0.095311
0.096229
0.097116
0.097973
0.098798
0.099592
0.100355
0.101086
0.101786
0.102453
0.103089
0.103693
0.104264
0.104804
0.105311
0.105786
0.106228
0.106638
0.107015
0.107359
0.107671
0.107950
0.108197
0.108410
0.108591
0.108739
0.108854
0.108937
0.108986
0.109002
0.108986
0.108937
0.108854
0.108739
0.108591
0.108410
0.108197
0.107950
0.107671
0.107359
0.107015
0.106638
0.106228
0.105786
0.105311
0.104804
0.104264
0.103693
0.103089
0.102453
0.101786
0.101086
0.100355
0.099592
0.098798
0.097973
0.097116
0.096229
0.095311
0.094362
0.092501
0.090644
0.088793
0.086947
0.085107
0.083273
0.081446
0.079625
0.077812
0.076007
0.074209
0.072420

