200
200
199.5
199.669
199.127
199.296
198.741
198.91
199.08
199.249
199.419
199.588
199.758
199.927
200
200
200
200
200
200
199.867
200
199.806
199.976
199.659
199.828
199.347
199.517
199.686
199.856
200
200
200
200
200
200
200
200
200
200
199.832
200
199.557
199.726
199.224
199.394
198.636
198.806
197.81
197.979
196.754
196.924
195.654
195.823
194.396
194.565
192.987
193.156
191.362
191.532
189.554
189.724
187.716
187.885
185.73
185.9
183.513
183.682
181.084
181.254
178.678
178.848
176.174
176.343
173.484
173.654
170.583
170.753
167.607
167.777
164.453
164.623
161.047
161.216
157.497
157.666
153.657
153.827
149.631
149.8
145.278
145.447
140.713
140.883
135.925
136.095
131.032
131.202
125.917
126.086
120.795
120.965
115.564
115.734
115.903
116.073
116.242
116.412
116.582
116.751
116.921
117.09
117.26
117.429
112.572
112.741
112.911
113.08
113.25
113.42
113.589
113.759
109.191
109.361
104.719
104.888
105.058
105.227
105.397
105.566
105.736
105.905
106.075
106.245
106.414
106.584
106.753
106.923
102.355
102.525
97.8826
98.0522
98.2217
98.3913
98.5608
98.7304
98.8999
99.0695
99.239
99.4086
95.0024
95.172
95.3415
95.5111
95.6806
95.8502
91.444
91.6135
91.7831
91.9526
92.1222
92.2918
92.4613
92.6309
92.8004
92.97
93.1395
93.3091
93.4786
93.6482
93.8177
93.9873
94.1568
94.3264
94.4959
94.6655
94.835
95.0046
95.1741
95.3437
