100
100
99.3804
99.5807
98.9096
99.11
98.4226
98.6229
98.8233
99.0236
99.2239
99.4243
99.6246
99.8249
100
100
100
100
100
100
99.7126
99.913
99.6684
99.8687
99.4735
99.6739
99.0781
99.2784
99.4787
99.6791
99.8794
100
100
100
100
100
100
100
100
100
99.7873
99.9876
99.4379
99.6382
99.0165
99.2168
98.2823
98.4826
97.2564
97.4567
95.9501
96.1504
94.5888
94.7891
93.0346
93.2349
91.2957
91.496
89.293
89.4933
87.0661
87.2664
84.8014
85.0018
82.3569
82.5572
79.628
79.8283
76.8116
77.0119
73.8525
74.0528
70.7725
70.9728
67.4665
67.6669
63.9015
64.1018
60.2443
60.4446
56.3698
56.5701
52.1859
52.3862
47.8264
48.0267
43.1131
43.3134
38.17
38.3703
32.8278
33.0282
27.2265
27.4268
21.3519
21.5523
15.3487
15.549
9.0732
9.27353
2.79021
2.99054
-3.6265
-3.42617
-3.22584
-3.0255
-2.82517
-2.62484
-2.42451
-2.22417
-2.02384
-1.82351
-1.62318
-1.42284
-7.37543
-7.1751
-6.97476
-6.77443
-6.5741
-6.37377
-6.17343
-5.9731
-11.5709
-11.3706
-17.0594
-16.8591
-16.6587
-16.4584
-16.2581
-16.0577
-15.8574
-15.6571
-15.4567
-15.2564
-15.0561
-14.8557
-14.6554
-14.4551
-20.0529
-19.8526
-25.5414
-25.341
-25.1407
-24.9404
-24.74
-24.5397
-24.3394
-24.139
-23.9387
-23.7384
-29.1385
-28.9382
-28.7379
-28.5375
-28.3372
-28.1369
-33.537
-33.3367
-33.1363
-32.936
-32.7357
-32.5353
-32.335
-32.1347
-31.9343
-31.734
-31.5337
-31.3333
-31.133
-30.9327
-30.7324
-30.532
-30.3317
-30.1314
-29.931
-29.7307
-29.5304
-29.33
-29.1297
-28.9294
