0.434314
0.868628
1.30294
1.73726
2.17157
2.60588
3.0402
3.47451
3.90882
4.34314
4.77745
5.21177
5.64608
6.08039
6.51471
6.94902
7.38334
7.81765
8.25196
8.68628
9.12059
9.5549
9.98922
10.4235
10.8578
11.2922
11.7265
12.1608
12.5951
13.0294
13.4637
13.898
14.3324
14.7667
15.201
15.6353
16.0696
16.5039
16.9382
17.3726
17.8069
18.2412
18.6755
19.1098
19.5441
19.9784
20.4128
20.8471
21.2814
21.7157
22.15
22.5843
23.0186
23.4529
23.8873
24.3216
24.7559
25.1902
25.6245
26.0588
26.4931
26.9275
27.3618
27.7961
28.2304
28.6647
29.099
29.5333
29.9677
30.402
30.8363
31.2706
31.7049
32.1392
32.5735
33.0079
33.4422
33.8765
34.3108
34.7451
35.1794
35.6137
36.048
36.4824
36.9167
37.351
37.7853
38.2196
38.6539
39.0882
39.5226
39.9569
40.3912
40.8255
41.2598
41.6941
42.1284
42.5628
42.9971
43.4314
43.8657
44.3
44.7343
45.1686
45.603
46.0373
46.4716
46.9059
47.3402
47.7745
48.2088
48.6432
49.0775
49.5118
49.9461
50.3804
50.8147
51.249
51.6833
52.1177
52.552
52.9863
53.4206
53.8549
54.2892
54.7235
55.1579
55.5922
56.0265
56.4608
56.8951
57.3294
57.7637
58.1981
